956

1101100, 110110111473.

11011011, 1111011. 199. 416. 478. 567518521.
5411, 571. 626. 62611. 6217.

111310 168.

1000111100, ,411111111ςο1 (1001010116011010111,
191. 232. 282941.

1011011. 61011010. 11011101101011,1011011.

1011011060111110111. ·

1110011010. 117111011011110.

,10110112 142.

1011, Ι1011.. 566.

11111111· s. 1111110111.

1110110041.

10610111100100. 11101101. 618.

11101101, (10111001, 316.

11100110, Bate, 25. 55. 91.

111101οι1010, 1 ohannes, 262,

1000110001,Μῦ11011. 241.

1010101010111 915.

1110000111 111.. 1111111. 115. 125, 174.

1110010111 1111111111, 51.

1011011101 1 . 11011111111011 11100110011013, 26.

,1000111101 188.

’10111 5115.

1011011111, 110111.

1011001111. ’1101101101

10110110, 1101101 100 80111000, 179. 268, 266.
mmmmmmmm
604. 616 615. 625. 1110111111 62511,

1011001101Ι (111000111614111 1006001001111101,
31. 5. 6. 11. 16 19. 21 2946 56, 64. 65.
119, 71. 76 911. 169. 164. 112. 114-116
1220. 125. 129, 1315. 147. 1541511169.
187 2611212. 266 2672111215 222229.
214265. 266. 269 270. 272- 274. 282.
284. 286. 286. 292. 297. 862. 816, 324.
21111, 228. 241. 1151. 352. 954. 667. 686-
685. 687. 988. 692. 467. 411. 414, 419,
429. 447. 455. 456. 461. 464, 482. 562.
516. 526. 522524. 5119, 541. 542. 580.

,101100110011001110111110101 1101111011101111 111-
11111, 24. (1)

1011001101Ρ101010011111. Marcellus, 1011,

101101111111101111111101180111100165119179.

Jonas, 1111111101. 117.

10001, 1011111111 10111011.

10000, 100101, 642. 566. 547. 5715765811. ’
591. 5118. 6111- 665, 6650. 666. 66116211.
621667.

10111 ..101 gabundan 110111011“ 169.

1101110110. Franz, 582. 594.

1110011006, 11011101 101101 110. 277 . 418.

1101101Ιο 1011 1110100100 255.

11100001. 1101101101.

1010111001 62611.

1011011110 Caesar 51251.

Numan-Bagam.

1011111101Ι von 1110111510.
1 111101 11.‚ Papat, 51. 1782611226. 2116.
1111101000100110226.

1 1111301111οι111, valentin, a. 0011101111, (2461
10110100001103111 1111011268. 286. 296,
10111010001, Codex, 526. 585.
111111111011011101101111 12. 235. 258. 269, 666.
«11ιὲ17101ξῆ2 ·

11011011011Το1010101 496. 431.

110101100001. 1100111101. Μο1111.

1111001101, Μο1111100,277. 278. 1119656. 651.
656-658. 2192. 893.

11011001, 1101111, 154. 169. 172.

111110111101171101111011111. W„ 62611.

11111011 a. 11001111.

116010111111011,10110111101,466. 486, 481.

Kindapontanus 1. 11111110111111011.

1610116010101101111, 277. 286. 678. 465. 426.

Kitzinger aus 1110000011 249.

1111ορ11, 10110101, 146. 645.

111101, Camillus. 14.

Koch, 1 01100110. 88.

116100601101111000. 196.

· 116110, 1011. - de Nuendor11‚ 434. 511.

1161οΙ103, (11011111. 1011101116. 56. 66166.
144. 147. 187164. 196-198266261,
264- 216. 212. 216. 221. 222. 224. 291.
241. 2411. 249 2511274. 282. 286. 28ss.
289. 291. 292. 294. 366 612. 2111. 238.
654. 372. 985. 415. 416. 421, 429. 461.
464. 562. 565. 511. 522. 5114. 542. “

1101111111,110101100.4111,419.

1110110111, 1111100, 206. 571.

1110111101, 1111101001, 511. 529.

Κ111001011 416. 419, 466.

110110110111277. 296. 478. 612.
1,.001100110011, Matthaeus, 62511.

Lactantius 828.
Lange. 10110011, 311. 496. 491. 49111. 466.

566. 561. 566-576. 574. 515. 577, 582.
586. 586. 689. 590. 594. 5611. 605. 666.
110111110201101, 462. 466 471.
101010111101111Ε111111646, 644.
110011111101101101111275.
Lea, 1111110111589-591.
heina, 11011, 24. 56.. Κο0111 15. 996,
1001101011, (11011. a. Agricola.
Lentulus a. Publius, Ad.
110011. 61, Papst, 25-68..
1100 Χ.. Papat, 266, 1126. 11241114. 416. 416.
459. 466 527 529554. 576587. 591624.
laea, 1101011011. 616. 5116. 412.
110011111ςί01 (1601111011) 161. 191. 6116.

110011111ςί01, Lupus, s. Wolfgang vander
1111115011 ,

 

