852

518--596 81011100 Magnus: 513. 514.

1111111,.10110110,1101011111111100, 348 1011000,
810601 1111110011, 2001000010101 8, 29.
248. 244. 348. 453. 508. 510 3011110081.
1110110110, 0001001101· 1111001011 2. 3 243.
214. 348. 639, 646. 11101110 Μο110001 41.
1114339522. 1101000111οῑ 131. 41. 210.
211. 331. 339 433,-

11111111101031011281. ,

1101101, 1011. - 1011 8601300010 0101110010
regin, Mousregius) 459, 469.

1111111001, 11101000. 6260, ¹

1111100011ιο, 1111011001. 184. 186189195196.
198. 202. 201. 211220. 223. 224. 284.
235. 281. 239. 240241250213. 282. 286.
291. 300. 806312 311. 8353521153 388.
389. 394. 414415 421425444464465.
502519 522. 524. 539. 580.

Myconius 621. 625 0.

1110100111, Paulus, 193. 198. 204κ206. 208.
215222.

11110111ςο11, 01101001110001011101553.
linimen: l'etrejus 182.

Νο111111,.1011 , 282. 283.

80111100011011, 0010ιο101000ιο 542.

’ 1100101101 32. ·
Nephelius. iiugierler 1101110 1111 Heinrich

11111011, 65.

Nepotianus. 1111111000. 1113194203 205 250.
265 2691104 331. 340. 350 356. 358-
860 3030. 39311. 421504506509-512,
511-521, 523, 525 526. 532 534. 5119.
518 512. 60511. 6200.

Noun, 1111110110. 622.

1101ιο11001, (1101 Hermann 1011. 113.

1110010110 0. 1100011100.

nicolanus Figulus.

1110010110, 1160010281.

1110010110 V, 201101 130.

10101111010011111011111 411.

N 11110111, leheim, 234, 248. 362 366. 339.
315. 381. 414.415.419.421,441451458
4114194811511.

1101111100 8001111111.

Northusensiu 1100111011110541.

110111111000010, 11110110 11111111. 1105508516.
530,

0111111111011100010100.

11010101 323.

1101010. ,1011000 (iliensis) 589,

(1100110110ιο virorum 0111110100 499. 555.
(lucain, Wilhelm, 180. 569. 584. 596.
0110110600 Beneventanus 530.
oecolampadius 596.
011101101011100000101220286.
Origenes 866 456. 461, 566.

umen-nolunt. Ι
1100011110ιο, Petrus, 844. 559. 562. 565. 511.

Orosius 12.

(1111101ιο Gratius 251. 455. 554. Acte 455.

00010111101001 443.

110100(Ηο01110)211111ρρ,441,462468481,481

001011011060010-100Ηο110(11111100010)242--
246. 09001104000010. 3513652115.
1116. 1050111011. 438. 441. 411. 413.
519. 521. 536. 562.

0000011111ςί1ιο,3011.. 594.

1101101000 21. 110.

0011011101ιο 8100001249.

01110, [1100011101100014.

0110 uun Β10110001111010234.

01110. 3011. 221. 222 232. 234.

Palatinus (2111100101) 20.

2000101100110, Antonius, 320.

Pei-ieiuni (10010100 865, 2011101000011110011-
101111100100101 P.) 455. 456. 461. 410.

201100000110(Μο0110111110)446.

2021310101,ἓο110101110011001 01111111011213211.

Passio (11111011 43.

Patavini 11 ueteres 365.

2011100 Aquilius, 211101110011011001. 13. 35.
154. 185. 1961111200. 2113241249 252.
:llll (1). 423. 454. 518 11). 595.

Penius 000 1101011010 456, 5181115111.

20011100. 1101110001.

200100 Venetus 258.

Paulus? 346.

20011010110,11111110011 100, 115.

201210001110000 (1101110301 (les 2101101100)
· 56. 310.

Perottus, 81001100100000100) 133. 164.

2011111000, s. Philippus Perusinus,

Petrejuu 120101 berbach) 46. 61. 16. 81.
1081181211 5.]31-134.153.163-
165. 111. 180-182 194. 199. 203. 211.
214, 218 225. 228. 229. 2332362311.
241ψ243. 245-241. 249. 250. 258264.
266. 268. 2611214 281283. 2852892110.
202. 294. 295 291299300302 303312.
320. 323. 324328.343352351364. 361.
410. 414-4-16. 419. 426. 441, 443. 445.
412482 4910. 502 506. 5105115111.
528. 532, 1139. 541. nul-556. 562. 511.
606, 611. 030. 643. 644.

2011001110 245.

2011101531.

2011110, Adam, 595.

Petrus Hispanus 401.

201010 u. Petrejiu.

2011110 1101011000 20. 011.

20100 (Pele) F 10111111 (1001101010111 10111101·
1111111100, 146.

Petu, (10013, eus 2010111010 606 - 608, 611.

2011110001, 1100106, 242. 215. 2985555114.

 

