954 1911161-116111161.

96111411.

11611111, Stephanus, 55.

Rossbach, Heinrich, 344. 289, 522, 611511.

1161616111, Heinrich, 198.

Ι1611611161161,111661111 664. 00511.

1161616,111166166111111116111, 580.

1166161, 1116111486.

111616111611111, 483.

11161111. Volgwin 431. 410.

1116161116, 9611111. 1116161, ,1.161.

1161111111, Hieron.. 24. 906. 618.

1116116611,144.949.981.388.414.419.519.

innisus. 1161611161, 10. 192841. 58. 69 69.
8691119142116. 153 156158169.
137. 173. 182. 194. 255. 940. 986. 429.
455. 501.

116111, 11616, 529.

111111 1. Pyrrhus.

1111111 445.

111111111- 1166111, 11611111.

1111111161, Hermann 918.

8166111661.1116111111111111-1661111

Sabellicus.

Sabinus. (1661311961.

816161, 9111611286. 964.

8161111, J 611111, 140.

8111661-16292290.

8111111111, 9 611111 73. 187. 334. 299, 981.
1181411611.

81116111116919.

816111, 8111111111. 402. 412.

86111161. 1116111111, 58 280. 295. 496

8616161116 901

86111116, 8611111111, 618. 330b.

1111111111111 294 924 926- 928191.
945, 952.“· 961. 912. 498456. 489 620

Schallis, Heinrich, 906.

86116111, 6111111611111161, 155. 555.

8611111,11111111.11 - 161 limen 916.

Sennis, Georg, 341. 444. 459. 455.

86111111,11111111,121.191208214229210.
216. 387. 289. 292, 902. 941. 952, 956.
915. 919. 984. 998. 406. 401. 411. 421.
424. 425. 421. 191. 499, 444, 441. 159
-455, 451. 480. 569.

8651106666111,1611111209. 289.

86166616.

8661611161161,9611916.

Senonas 1861611611) 14. 15. 65. 141. 252.
2611, 929. 502520. 529.

86111111 s, Enbanns Hessns.

8111161161116611, 196,

111111111111161 377. 573.

8611111.,861111, 580.

861111111611111 77.

8611661295.

Senensis Cardinalis s. Pius 111.

Serenus 11111166.

861311,11611111116-1119611111916. 9201.

Severi breviarium 241. 345.

86161116111161111111611111 34.

8616161112.

Sextus 138 111. 149 [2).

Sextus sc. 1166119811) 11019).

8111111111 11) 224.

8111111161, s. 56111151111111111.

8131111611.86111611111611111.

81111611,1611 9611111, 622. ·

8111161. Gensg, 205. 21114 106.

8111611611, 8511116111, 2 55, 211219.

Sinos. 1161161111

811161 11221611, 491.

8111111111.,Ρ1611,89. 459. 469.

8116111, 96116661, 111.

866161, 1111611, 344. 378. 408.

8661161, Marianus 586

8611161113,961111181311116181111161,
8611111150190191.116158161191.
191. 201. 204- 201. 2092242282 .
2 4 211- 249. 245. 248. 249. 266 212.
280. 281. 906. 908 8119. 990. 8911915.
916. 994, 401. 414, 415, 418. 421. 498.
1141451459.461.410.509.519,5·.8.529.
553. 562. 6266. 644.

8611116111651611111(111111161116191613616,
11266966.

8611111. s 1161111, 1161111.

Solinus 924.

,86111111 1. 6111561161.

8611611, 1511111166116111, 126281. 902. 906.
929. 928. 940.

86111111, (16611196111111 9-11.]9,14. 16
-192122, 21. 25. 2512562511. 26-29.

ψ 995, 37. 38. 4-0, 42. 49, 46. 49. 50. 59.

51. 51- 59. 33. 34. 33· 69. 71—73. 73.
77. 1981- 8981 93 95 9199. 101-
1691121111 115.116.119.121.122.
1221. 129- 135. 19 16- 199 141142145.
146155156158169164119199191.
199 200. 315. 313. 333. 333 291. 299.
291. 2982 48. 249250. 269219281291.
902. 909906908911916911920924.
998. 339. 941. 949. 951. 961. 337. 968.
915. 919982. 981. 998. 411419. 421.
441. 447. 450. 458, 4614111. 419. 480.
490. 4911 496. 502. 569. 6585185114.
594 595. 591. 600, 662. 695. 3055 3053.
610619.6156186201620116206.6206.
331. 333. 625. 6251 6256. 691. 691640.

S 11161, 14116111, 571.

8111161,8111111111,661111111661116111161-
sus. 451- 454.

’ 861161,861161611111111116111.1161111, 451.

111115515115116651
speculator 4. 296.

 

