Numen-lingbui.

Iaeomrdus, 8000104001θο, 24. 0101.
immin, 1000000100800104100, 087.

inve, Fabinn‘. 410.

Liber mysteriorum 202, 207. 002.
1.1(·1(,.1010.,277 280, ’
1101040000. 11000001 vnn. (1100000000101504.
1105000010, 201010 vnn, 41. 42,
11110, zur hohen, 11000, 427,
limitaneam, Ν 1001000, 4. 11.
Linck, 0000001000. 504.

1100010000, 1101001010, 00, 000.
Linigeri, (Λινόχλαινοι) 151. 1005,
10010000. Ρ10110000000 -
boemie, 0. 11100000, Heinrich.
lncmnbungk, Bernhrrri 000, 0200.
1500οω 10 1004004 457, 5110,

1500100301, 1.((01010410010000101152, 157.

105, 222. 2102. 250, 280 01) 884. 502.
horiani, Frennde (100 hotius. 0 1111101100.
101100 s. iiiiiniing.

Luninn 1082. 507.

1500000 02.

10000101. Thomas, 511. 5211

Lndwig Xll. von Frankreirh 168.

1500010100 s. 10100104αο11.

10041000, 1100410. 400.401.500,501.500 508.
570, 584. 587. 589. 590. 594, 505. 0011.
005. 0050. 00511. 020, 0201041200,

5041000001 005. 000. 620. 628.

1001000011001001001110 100000000000.

Machaon s. 1100010001, 00100.

110ςο011000, 701010, 251,

Maior, 1404410000, 105.

1101000141.

110ηὲ100110οκ, Antonius —-
54 ,

veliternus 66

Manilius 100.
Marcellin, ,10104Ρο0010001010200 625. 027
iinrgffi (Mamrenenkirrn in 41041001
11001001100100’0011010047411041070. 5418
Marius 040000001ιο 0100010000 1020, 024.
1000000011( 4· 00100001- ne 0000000401 80
80. 120. 127, 144. 1881· 1207, 222· 10011)
100το011011,14100100471000100148
11100011100110100004. 185, 275 574
000000110001000, 00011104100000111220,

. 275, 404 Gerlach 1104100000( 111, 110.

121104140158101 222, 2801007, 4114.
54414042. 41001001080100(100141οω00100οι
100 (1) 220, 2141. 072. 4142. 1100010001,
(Phiieoenrnssndnn»in-4762,60-62.
07.70-711,70--78.80 1011051011, 111,
110-117,120.121.123.127.101,1100-
135.1107-1411,145,140, 151, 157, 158,
104. 100108-170, 172, 175. 175-178.

051

181. 185. 188. 100-104, 106. 108100,
205. 207. 215, 2111, 221-224, 227. 220,
200. 2102204205. 245, 248-250, 250.
258. 250204. 271270 280 2811. 285 287.
280, 290. 200 2001001,505-008, 312.
11111, 015-1118, 022. 325 002-1004. 11110,
1108, 041. 1147. 1151, 266-7869. 1072. 4170.
076. 1184, 004, 408. 410425, 4110, 401.
4102-400 4108, 4424404411, 455. 457,
402.4804855041,511517522508541.
540. 555. 0110, 041-040 (11004100 117,
140. 107, 202. 280. 427. 042, 1100010110 107.
1101150030401011421
110011000οΡ10111000
1100001100,0111010001,250204,200.11.10
1001000000· 04001010400100010 Ρ1000100)8.
2028104 204 250 288 02845510
1104410000148401.5005115141500.
Matthias 0, 1400000100.
1001410000.Μο ger.

· Muimiiiani. 160577,171.21111.251,201.

2011275, 294, 1008320. 477. 5411, 54757 6.

- 1100000001(ιο,2010,,547.027.

Maior, Matthias, 140. 0414,

10010110000010002.

140100011500 4410, 5811. 504), 5414, 005. (100,
011 620, 62001, 622. 025. (1250. 007.

1001100100 412510,

ΜΞ11111100οτ1100010000100000( (0001, 266.

1401οεί03000.141010.1.00(1,

1000010000104801101001 0101 12. ,15οτ 000 ..
1100010001001 050. 450.

,110010010010041114025 41.7. 5045075 72.
5110. 5810, 50110250.

Mercurius, 1110000, 401. 402 407, 500, 10111.
541545,

- Merula, Georg, 250, 11011570.

1110100410110101000011. 1100000, 410, 451.

Mezentius 182.

01000010110010010110100147.450. 451. .

1110)1,1((0..101οο1001.07

1411 nes. 1101100

1101003415,

(11011100. 1010,,4 0.88

1101100, 2 010, 5417.

Molschloben, Dori. 511, 5211.

Monteregnn ((10 Monte 0001010, 11101100 Jn-
0000.

,110001000410000110001000011101001.οΙ 50.
805 66 80 1410147187 104 108 24141.
201. 207,,.020021021 217. 221222221.
204. 205. 241209, 280282280280. 201.
1110, 020. 000 041.1185.1087,088 008 421.
420461,404505500511510 504 541,
542·

14οο1001, 00000010 des Morus, 0. 114οο010.

,11οο100000000000000 1400010007.

Morus ι. Horeb.

 

